"ref_align"	"read_align"	"freq_yll027"	"freq_yll028"	"freq_yll029"	"freq_yll030"
"ATGCTCTGGC-TTCCGGCTGG"	"ATGCTCTGGCATTCCGGCTGG"	0.04613471105057565	0.08268866312111135	0.2108669159273453	0.1893629114742839
"ATGCTCTGGCTTCCGGCTGG"	"ATGCTCTGGCTTCCGGCTGG"	0.009401658011211428	0.034007375367047114	0.057837277511845954	0.04952986702467526
"ATGCTCTGGCTTCCGGCTGG"	"ATGC-------TCCGGCTGG"	0.0047639373865477775	0.0015253215701100749	0.002615584118771188	0.0020263799440192187
"ATGCTCTGGCTTCCGGCTGG"	"ATGCTCT-------GGCTGG"	0.003665255258493419	0.003594192955352818	0.0028850961295440024	0.001419995490354836
"ATGCTCTGGC--TTCCGGCTGG"	"ATGCTCTGGCCATTCCGGCTGG"	0.0021685431057572235	0.005483813690449588	0.011112998360648276	0.008575233364269302
"ATGCTCTGGC--TTCCGGCTGG"	"ATGCTCTGGCAATTCCGGCTGG"	0.001921575662228044	0.0036905824559030115	0.00545516266427356	0.004670245765793502
"ATGCTCTGGC-TTCCGGCTGG"	"ATGCTCTGGCTTTCCGGCTGG"	0.001499693651048419	0.003717397580116223	0.001676484490122804	0.0014841370517676674
"ATGCTCTGGCTTCCGGCTGG"	"ATGCT-----------CTGG"	0.005299116333591896	0.005792066830053715	0.004295422536139165	0.0006840944222991592
"ATGCTCTGGC-TTCCGGCTGG"	"ATGCTCTGGCCTTCCGGCTGG"	0.001186636328264952	0.0013190142180552753	0.002304148017433714	0.0016200678223002446
"ATGCTCTGGCTTCCGGCTGG"	"AT-------------GCTGG"	0.0024448286160232676	0.0019195763693529704	0.0008142856218815963	0.000574313672957967
"ATGCTCTGGCTTCCGGCTGG"	"ATG-------TTCCGGCTGG"	0.0010877499675762058	0.0016113232297488437	0.0014671036035313022	0.0008155846231954635
"ATGCTCTGGC--TTCCGGCTGG"	"ATGCTCTGGCTTTTCCGGCTGG"	0.0010599226499954531	0.002089647067065592	0.003080342608459419	0.004795321810548524
"ATGCTCTGGC---TTCCGGCTGG"	"ATGCTCTGGCTTTTTCCGGCTGG"	0.0009545763762968896	0.002005819606687354	0.0011317108790140221	0.000948061617344273
"ATGCTCTGGC---TTCCGGCTGG"	"ATGCTCTGGCAAATTCCGGCTGG"	0.0008775543365644493	0.0021340973630586636	0.0019625265708896845	0.002806440010124499
"ATGCTCTGGC--TTCCGGCTGG"	"ATGCTCTGGCTATTCCGGCTGG"	0.0008705975071692611	0.002352483599894189	0.0045043242902670705	0.0062066828599439405
"ATGCTCTGGCTTCCGGCTGG"	"A----------------TGG"	0.00133869274218835	0.0017746297519842587	0.0007944016246423576	0.0002728483343176596
"ATGCTCTGGCTTCCGGCTGG"	"ATA-------TTCCGGCTGG"	0.0014345976045648727	0.00022732461157326267	0.000783381577979647	0.0005681462151298102
"ATGCTCTGGC--TTCCGGCTGG"	"ATGCTCTGGCAGTTCCGGCTGG"	0.0004437463321359305	0.0002529318473084017	0.0002225570293403951	0.0004265413833953286
"ATGCTCTGGC----TTCCGGCTGG"	"ATGCTCTGGCTTTATTCCGGCTGG"	0.0005013886328389181	0.00037710278285426463	0.0003674945995782197	0.0002129006442279749
"ATGCTCTGGC--TTCCGGCTGG"	"ATGCTCTGGCGATTCCGGCTGG"	0.0004015084393794309	0.0007865769769208748	0.00039959647463915936	0.0005661726286248
"ATGCTCTGGC--TTCCGGCTGG"	"ATGCTCTGGCCCTTCCGGCTGG"	0.00031703265386643183	0.0016062500981409388	0.0034243597173214293	0.0007326939899850353
"ATGCTCTGGC------TTCCGGCTGG"	"ATGCTCTGGCCAAGCATTCCGGCTGG"	0.000300137496763832	0.000513594180876468	0.00015907197791390995	0.00022498886157116234
"ATGCTCTGGC-TTCCGGCTGG"	"ATGCTCTGGCATTCGGGCTGG"	0.0002618749350902972	0.00047494174957814493	0.0011868111123275753	0.001064996617766127
"ATGCTCTGGC----TTCCGGCTGG"	"ATGCTCTGGCTTTTTTCCGGCTGG"	0.0002116863801678683	0.0003529450132928127	0.0008142856218815963	0.00047760793421246743
"ATGCTCTGGC---TTCCGGCTGG"	"ATGCTCTGGCCCCTTCCGGCTGG"	0.00017193306933822167	0.0001463960835423987	0.0006353296467284476	0.0006673189370065726
"ATGCTCTGGC----TTCCGGCTGG"	"ATGCTCTGGCAAAATTCCGGCTGG"	0.00017044232018210992	0.0011354151693882407	0.00026472068613685314	0.0015263224633122604
"ATGCTCTGGC-TTCCGGCTGG"	"ATGCGCTGGCATTCCGGCTGG"	0.00014857799922580428	0.00028119643769530046	0.0006966586020687503	0.0006251335254619796
"ATGCTCTGGC-TTCCGGCTGG"	"ATGCTCTGGCATTCCGGCTTG"	0.00014062733705987496	0.00024834187109172584	0.0006039464703629021	0.000546436763574698
"ATGCTCTGGC--TTCCGGCTGG"	"ATGCTCTGGCTGTTCCGGCTGG"	0.00013565817320616911	0.0004372556290622799	0.001868616608024846	0.0005550712045341176
"ATGCTCTGGC-TTCCGGCTGG"	"ATGCTCTGGCATTGCGGCTGG"	0.0001222414308011634	0.00022176832457412873	0.0005342326969096675	0.00048722916842439216
"ATGCTCTGGC-TTCCGGCTGG"	"ATGCTCTGGCAGTCCGGCTGG"	0.0001187630161035693	0.0002664601982628148	0.000687315519028626	0.0005252207086458384
"ATGCTCTGGC-TTCCGGCTGG"	"ATGCTCTGGCATGCCGGCTGG"	8.745728382522259e-05	0.00016789649845209092	0.0003993569084073613	0.0003932371111232816
"ATGCTCTGGC-TTCCGGCTGG"	"ATGCTCTGGCATTCCGGCGGG"	8.646345105448142e-05	0.0001401150634564212	0.00035383932436573045	0.0003530252860836988
"ATGCTCTGGC-TTCCGGCTGG"	"ATGCTCTGGCGTTCCGGCTGG"	8.596653466911083e-05	0.0007682170720541714	0.0011173369051061387	0.0014641544884044391
"ATGCTCTGGC-TTCCGGCTGG"	"ATGCTCTGGCATTTCGGCTGG"	7.155595949336393e-05	0.00012054727011164514	0.0003377883868352606	0.0002807426803377004
"ATGCTCTGGC-TTCCGGCTGG"	"ATGCTCTGGCATTCCGACTGG"	5.3170053234652364e-05	8.841743659491406e-05	0.00024004536426165327	0.00022276857675302588
"ATGCTCTGGC-TTCCGGCTGG"	"ATGCTCTGGCATTCCGGCTAG"	4.91947221516877e-05	9.228267972474637e-05	0.00022447355919477956	0.00020130582351104
"ATGCTCTGGC-TTCCGGCTGG"	"ATGCTCTGGCATTACGGCTGG"	4.8200889380946534e-05	6.619228859837829e-05	0.00016410286878166915	0.00014012464185572391
"ATGCTCTGGC-TTCCGGCTGG"	"ATGCTCTGGCATTCCGTCTGG"	4.62132238394642e-05	8.310272729139463e-05	0.00020890175412790584	0.00018527043315783216
"ATGCTCTGGC-TTCCGGCTGG"	"ATGCTCTGGCATTCAGGCTGG"	4.4722474683352456e-05	8.117010572647849e-05	0.0002254318241219718	0.0001990855386929035
"ATGCTCTGGC-TTCCGGCTGG"	"ATGCTCTGGCATTCTGGCTGG"	4.3728641912611294e-05	7.343961946681386e-05	0.00018805949196147486	0.00017638929388528627
"ATGCTCTGGC-TTCCGGCTGG"	"ATGCTCTGGCATTCCAGCTGG"	4.223789275649954e-05	2.8023012691284238e-05	7.809859156616664e-05	6.340146647345254e-05
"ATGCTCTGGC-TTCCGGCTGG"	"ATGCTCTGGCATTCCGGCAGG"	3.875947805890546e-05	6.353493394661857e-05	0.00015452021950974686	0.00014185153004760785
"ATGCTCTGGC-TTCCGGCTGG"	"ATGCTCTGGCATTCCGGCTGA"	3.726872890279372e-05	6.208546777293146e-05	0.000150926726032776	0.0001344505806538196
"ATGCTCTGGCTTCCGGCTGG"	"ATGCTCTGGCTTCCGGCTGT"	3.726872890279372e-05	0.0001425308404125664	0.00022734835397635625	0.00019217798592536785
"ATGCTCTGGCTTCCGGCTGG"	"ATGCTCTGGCTGCCGGCTGG"	3.627489613205255e-05	0.00013069353332745493	0.00017248768689460115	0.0002089534712179545
"ATGCTCTGGCTTCCGGCTGG"	"ATGCGCTGGCTTCCGGCTGG"	2.931806673686439e-05	0.00010870996302653369	0.00016985245834482253	0.0001450586081182494
"ATGCTCTGGC-TTCCGGCTGG"	"ATGCTCTGGCATTCCGGCTGT"	2.8821150351493805e-05	5.6287603078183e-05	0.00011427309256767326	0.00010287319657365647
"ATGCTCTGGC-TTCCGGCTGG"	"ATGCTCTGGCATTCCGCCTGG"	2.3355070112417394e-05	3.720296512463597e-05	9.846172126900149e-05	8.733120284670117e-05
"ATGCTCTGGCTTCCGGCTGG"	"ATGCTCTGGCTTCTGGCTGG"	2.1864320956305647e-05	6.208546777293146e-05	9.606605895102093e-05	7.770996863477647e-05
"ATGCTCTGGC-TTCCGGCTGG"	"ATGCCCTGGCATTCCGGCTGG"	1.937973902945273e-05	3.913558668955213e-05	0.00010397174460035681	8.338402983668079e-05
"ATGCTCTGGC-TTCCGGCTGG"	"ATGCTCTGGCATTCCTGCTGG"	1.937973902945273e-05	4.203451903692636e-05	9.295169793764618e-05	9.473215224048941e-05
"ATGCTCTGGC-TTCCGGCTGG"	"ATGCACTGGCATTCCGGCTGG"	1.73920734879704e-05	4.75908060360603e-05	0.0001207413808262208	0.00010731376620992941
"ATGCTCTGGCTTCCGGCTGG"	"ATGCTCTGGCTTGCGGCTGG"	1.73920734879704e-05	7.488908564050098e-05	0.00011571048995846161	0.00010213310163427765
"ATGCTCTGGC-TTCCGGCTGG"	"ATGCTCTGGCATTCCGGCTCG"	1.6398240717229235e-05	3.2371411212345586e-05	7.714032663897441e-05	6.833543273597803e-05
"ATGCTCTGGCTTCCGGCTGG"	"ATGCTCTGGCTTCGGGCTGG"	1.6398240717229235e-05	7.706328490103166e-05	0.00013128229502533533	0.00011471471560371764
"ATGCTCTGGC-TTCCGGCTGG"	"CTGCTCTGGCATTCCGGCTGG"	1.6398240717229235e-05	2.464092495268097e-05	5.917285925412012e-05	5.501372382715922e-05
"ATGCTCTGGC-TTCCGGCTGG"	"AGGCTCTGGCATTCCGGCTGG"	1.4907491561117485e-05	3.551192125533434e-05	8.169208504313749e-05	7.820336526102902e-05
"ATGCTCTGGC-TTCCGGCTGG"	"ATGCTCTGGCATTCCGGATGG"	1.4410575175746903e-05	2.778143499566972e-05	6.851594229424435e-05	5.871419852405333e-05
"ATGCTCTGGC--TTCCGGCTGG"	"ATGCTCTGGCCATTGCGGCTGG"	1.4410575175746903e-05	3.9860319776395685e-05	8.600427721550252e-05	5.8467500210927056e-05
"ATGCTCTGGCTTCCGGCTGG"	"ATGCTCTGGCTTCCTGCTGG"	1.4410575175746903e-05	5.3630248426423286e-05	9.247256547405006e-05	8.338402983668079e-05
"ATGCTCTGGCTTCCGGCTGG"	"ATGCTCTGGCGTCCGGCTGG"	1.3416742405005737e-05	5.50797146001104e-05	8.768124083808892e-05	8.782459947295372e-05
"ATGCTCTGGC--TTCCGGCTGG"	"ATGCTCTGGCAATTGCGGCTGG"	1.2422909634264572e-05	2.75398573000552e-05	3.5216236074314404e-05	3.355097058517333e-05
"ATGCTCTGGCTTCCGGCTGG"	"ATGCTCTGGCTTCCAGCTGG"	1.2422909634264572e-05	3.5995076646563374e-05	5.2704570995572577e-05	5.032645587776e-05
"ATGCTCTGGC-TTCCGGCTGG"	"ATGCTCTGGCATTCCGGCCGG"	1.1429076863523406e-05	1.9084637953547023e-05	5.677719693613955e-05	4.93396626252549e-05
"ATGCTCTGGCTTCCGGCTGG"	"ATGCTCTGGCTTCCGGCGGG"	1.1429076863523406e-05	4.831553912290386e-05	8.528557852010835e-05	8.585101296794353e-05
"ATGCTCTGGCTTCCGGCTGG"	"ATGCTCTGGCTTCCGGCTAG"	1.1429076863523406e-05	3.430403277726174e-05	5.2944137227370634e-05	4.1198618292087845e-05
"ATGCTCTGGC-TTCCGGCTGG"	"ATGATCTGGCATTCCGGCTGG"	1.0932160478152823e-05	1.8359904866703466e-05	3.68931996969008e-05	3.87316351608251e-05
"ATGCTCTGGC-TTCCGGCTGG"	"ATGCTCTGTCATTCCGGCTGG"	1.0932160478152823e-05	1.9084637953547023e-05	5.0308908677592006e-05	4.93396626252549e-05
